                                 OLS Regression Results                                
=======================================================================================
Dep. Variable:               whovoted   R-squared (uncentered):                   0.913
Model:                            OLS   Adj. R-squared (uncentered):              0.908
Method:                 Least Squares   F-statistic:                              201.3
Date:                Mon, 20 Sep 2021   Prob (F-statistic):                        0.00
Time:                        21:54:36   Log-Likelihood:                         -719.03
No. Observations:                1050   AIC:                                      1542.
Df Residuals:                     998   BIC:                                      1800.
Df Model:                          52                                                  
Covariance Type:            nonrobust                                                  
======================================================================================
                         coef    std err          t      P>|t|      [0.025      0.975]
--------------------------------------------------------------------------------------
interest_politics     -0.0052      0.022     -0.238      0.812      -0.048       0.037
interest_campaign      0.0340      0.031      1.110      0.267      -0.026       0.094
state_reg              0.0015      0.001      1.205      0.229      -0.001       0.004
party_reg             -0.0073      0.014     -0.510      0.610      -0.036       0.021
primary_voter          0.0123      0.034      0.358      0.720      -0.055       0.080
pol_spectrum           0.0091      0.018      0.519      0.604      -0.025       0.044
party_id               0.0397      0.015      2.682      0.007       0.011       0.069
party_salience         0.0015      0.013      0.120      0.904      -0.023       0.026
gov_trust              0.0137      0.022      0.631      0.528      -0.029       0.056
gov_interests          0.0282      0.053      0.531      0.596      -0.076       0.132
gov_waste             -0.0297      0.035     -0.843      0.399      -0.099       0.039
gov_corrup            -0.0197      0.022     -0.899      0.369      -0.063       0.023
people_trusted        -0.0236      0.021     -1.148      0.251      -0.064       0.017
gov_responsive         0.0805      0.026      3.084      0.002       0.029       0.132
better_economy         0.0156      0.027      0.579      0.563      -0.037       0.069
better_health         -0.0289      0.027     -1.085      0.278      -0.081       0.023
better_immigratino     0.0210      0.025      0.848      0.397      -0.028       0.070
better_taxes           0.0455      0.024      1.917      0.056      -0.001       0.092
better_environment     0.0109      0.024      0.447      0.655      -0.037       0.059
better_covid           0.0278      0.028      1.000      0.317      -0.027       0.082
fav_deathpen           0.0396      0.017      2.278      0.023       0.005       0.074
stayhome              -0.0159      0.018     -0.871      0.384      -0.052       0.020
trust_media            0.0332      0.021      1.602      0.109      -0.007       0.074
corr_trump             0.0331      0.013      2.475      0.013       0.007       0.059
fav_impeach            0.0523      0.015      3.451      0.001       0.023       0.082
fav_senacquittal      -0.0238      0.016     -1.504      0.133      -0.055       0.007
covid_gov             -0.0178      0.024     -0.731      0.465      -0.065       0.030
covid_reopen           0.0244      0.015      1.636      0.102      -0.005       0.054
inc_gap               -0.0175      0.020     -0.878      0.380      -0.057       0.022
gov_climate            0.0609      0.023      2.679      0.008       0.016       0.105
samesex                0.0008      0.011      0.075      0.940      -0.020       0.022
transgender            0.0155      0.012      1.311      0.190      -0.008       0.039
lgbtlaw             4.148e-05      0.021      0.002      0.998      -0.040       0.041
birthright            -0.0017      0.009     -0.191      0.848      -0.020       0.016
deportkids             0.0176      0.015      1.199      0.231      -0.011       0.046
wall                   0.0016      0.014      0.121      0.903      -0.025       0.028
russianinterfere       0.0249      0.015      1.697      0.090      -0.004       0.054
religion               0.0012      0.006      0.194      0.847      -0.011       0.013
age                    0.0020      0.001      1.367      0.172      -0.001       0.005
marital                0.0266      0.013      2.101      0.036       0.002       0.051
education              0.0145      0.018      0.797      0.426      -0.021       0.050
spouse_edu            -0.0113      0.017     -0.673      0.501      -0.044       0.022
armedforces            0.0858      0.043      1.996      0.046       0.001       0.170
labor                 -0.0055      0.008     -0.656      0.512      -0.022       0.011
union                  0.0201      0.040      0.503      0.615      -0.058       0.098
ethnicity              0.0114      0.013      0.887      0.375      -0.014       0.037
children               0.0352      0.017      2.075      0.038       0.002       0.069
income                -0.0085      0.003     -2.877      0.004      -0.014      -0.003
health                -0.0170      0.018     -0.953      0.341      -0.052       0.018
getcovid              -0.0170      0.082     -0.206      0.837      -0.179       0.145
satisfied             -0.0069      0.019     -0.355      0.723      -0.045       0.031
region                 0.0058      0.015      0.394      0.694      -0.023       0.035
==============================================================================
Omnibus:                     1668.828   Durbin-Watson:                   2.061
Prob(Omnibus):                  0.000   Jarque-Bera (JB):          1051583.323
Skew:                           9.537   Prob(JB):                         0.00
Kurtosis:                     156.858   Cond. No.                         356.
==============================================================================

Warnings:
[1] Standard Errors assume that the covariance matrix of the errors is correctly specified.